nxy_bin: out256_normal\isotropic_ds4_nxy.bin
meshbin: out256_normal\isotropic_normal_ds4_v16384.meshbin
mesh_format: width,height,V,F
nxy_resolution: 256 x 256
mesh_declared_resolution: 256 x 256
vertices: 16384
faces: 32768
crop: u0=0.48164062, v0=0.68476563, size=0.15000000, pixels=2048
full_overlay_max_edges: 120000
crop_overlay_edges_drawn: 1197
mean_deg: 2.3572542667388916
p95_deg: 4.770224571228027
p99_deg: 6.031148433685303
max_deg: 11.459855079650879
