nxy_bin: out256_4d_rebased\scratched_ds4_nxy.bin
meshbin: out256_4d_rebased\scratched_4d_ds4_v8192.meshbin
resolution: 256 x 256
vertices: 8192
faces: 16384
coverage_ratio: 1
queries: 162
sigma=8: mean_TV=0.131042, mean_H=0.155824, mean_peak_err=0.0234119
sigma=16: mean_TV=0.0931279, mean_H=0.126451, mean_peak_err=0.0264048
sigma=32: mean_TV=0.0829651, mean_H=0.117416, mean_peak_err=0.0263055
