nxy_bin: out256_4d_rebased\brush_ds4_nxy.bin
meshbin: out256_4d_rebased\brush_4d_ds4_v4096.meshbin
resolution: 256 x 256
vertices: 4096
faces: 8192
coverage_ratio: 1
queries: 162
sigma=8: mean_TV=0.208135, mean_H=0.200928, mean_peak_err=0.0206063
sigma=16: mean_TV=0.168937, mean_H=0.150194, mean_peak_err=0.0191795
sigma=32: mean_TV=0.162091, mean_H=0.131882, mean_peak_err=0.0181214
