nxy_bin: out256_normal_rebased\isotropic_ds4_nxy.bin
meshbin: out256_normal_rebased\isotropic_normal_ds4_v8192.meshbin
resolution: 256 x 256
vertices: 8192
faces: 16384
coverage_ratio: 1
queries: 162
sigma=8: mean_TV=0.349781, mean_H=0.352653, mean_peak_err=0.0272194
sigma=16: mean_TV=0.329563, mean_H=0.315478, mean_peak_err=0.0287196
sigma=32: mean_TV=0.325506, mean_H=0.300891, mean_peak_err=0.0294969
