nxy_bin: out256_normal_rebased\brush_ds4_nxy.bin
meshbin: out256_normal_rebased\brush_normal_ds4_v16384.meshbin
resolution: 256 x 256
vertices: 16384
faces: 32768
coverage_ratio: 1
queries: 162
sigma=8: mean_TV=0.0256571, mean_H=0.0313955, mean_peak_err=0.00419134
sigma=16: mean_TV=0.0148116, mean_H=0.0169589, mean_peak_err=0.00303013
sigma=32: mean_TV=0.00880538, mean_H=0.0100244, mean_peak_err=0.00371193
