nxy_bin: out256_4d_rebased\brush_ds4_nxy.bin
meshbin: out256_4d_rebased\brush_4d_ds4_v16384.meshbin
resolution: 256 x 256
vertices: 16384
faces: 32768
coverage_ratio: 1
queries: 162
sigma=8: mean_TV=0.0580973, mean_H=0.0610648, mean_peak_err=0.00766357
sigma=16: mean_TV=0.0399397, mean_H=0.0397203, mean_peak_err=0.0109334
sigma=32: mean_TV=0.032385, mean_H=0.0292882, mean_peak_err=0.00915997
