nxy_bin: out256_normal\brush_ds4_nxy.bin
meshbin: out256_normal\brush_normal_ds4_v16384.meshbin
mesh_format: width,height,V,F
nxy_resolution: 256 x 256
mesh_declared_resolution: 256 x 256
vertices: 16384
faces: 32768
crop: u0=0.75117188, v0=0.76289063, size=0.15000000, pixels=2048
full_overlay_max_edges: 120000
crop_overlay_edges_drawn: 1211
mean_deg: 0.07293075323104858
p95_deg: 0.2315465211868286
p99_deg: 0.333378404378891
max_deg: 0.9155710339546204
