nxy_bin: out256_normal\scratched_ds4_nxy.bin
meshbin: out256_normal\scratched_normal_ds4_v16384.meshbin
mesh_format: width,height,V,F
nxy_resolution: 256 x 256
mesh_declared_resolution: 256 x 256
vertices: 16384
faces: 32768
crop: u0=0.41914062, v0=0.12226563, size=0.15000000, pixels=2048
full_overlay_max_edges: 120000
crop_overlay_edges_drawn: 1377
mean_deg: 0.3605273365974426
p95_deg: 1.1216957569122314
p99_deg: 1.654557704925537
max_deg: 2.6830689907073975
