nxy_bin: out256_normal_rebased\scratched_ds4_nxy.bin
meshbin: out256_normal_rebased\scratched_normal_ds4_v16384.meshbin
resolution: 256 x 256
vertices: 16384
faces: 32768
coverage_ratio: 1
queries: 162
sigma=8: mean_TV=0.087097, mean_H=0.0912466, mean_peak_err=0.0217751
sigma=16: mean_TV=0.0544033, mean_H=0.0673259, mean_peak_err=0.0282231
sigma=32: mean_TV=0.0437735, mean_H=0.0598339, mean_peak_err=0.027504
