nxy_bin: out256_normal_rebased\scratched_ds4_nxy.bin
meshbin: out256_normal_rebased\scratched_normal_ds4_v4096.meshbin
resolution: 256 x 256
vertices: 4096
faces: 8192
coverage_ratio: 1
queries: 162
sigma=8: mean_TV=0.20771, mean_H=0.246824, mean_peak_err=0.0290997
sigma=16: mean_TV=0.149983, mean_H=0.210304, mean_peak_err=0.0279012
sigma=32: mean_TV=0.134644, mean_H=0.197274, mean_peak_err=0.0184604
