nxy_bin: out256_normal_rebased\brush_ds4_nxy.bin
meshbin: out256_normal_rebased\brush_normal_ds4_v4096.meshbin
resolution: 256 x 256
vertices: 4096
faces: 8192
coverage_ratio: 1
queries: 162
sigma=8: mean_TV=0.131177, mean_H=0.135457, mean_peak_err=0.0242809
sigma=16: mean_TV=0.0820348, mean_H=0.0866494, mean_peak_err=0.0177412
sigma=32: mean_TV=0.0630083, mean_H=0.063355, mean_peak_err=0.0159058
