nxy_bin: out256_normal_rebased\isotropic_ds4_nxy.bin
meshbin: out256_normal_rebased\isotropic_normal_ds4_v4096.meshbin
resolution: 256 x 256
vertices: 4096
faces: 8192
coverage_ratio: 1
queries: 162
sigma=8: mean_TV=0.506073, mean_H=0.490975, mean_peak_err=0.0315473
sigma=16: mean_TV=0.482988, mean_H=0.457464, mean_peak_err=0.0310344
sigma=32: mean_TV=0.473223, mean_H=0.44375, mean_peak_err=0.0354654
