nxy_bin: out256_4d_rebased\isotropic_ds4_nxy.bin
meshbin: out256_4d_rebased\isotropic_4d_ds4_v8192.meshbin
resolution: 256 x 256
vertices: 8192
faces: 16384
coverage_ratio: 1
queries: 162
sigma=8: mean_TV=0.424744, mean_H=0.422708, mean_peak_err=0.0309275
sigma=16: mean_TV=0.412359, mean_H=0.393949, mean_peak_err=0.0243467
sigma=32: mean_TV=0.411832, mean_H=0.382417, mean_peak_err=0.0271409
