nxy_bin: out256_4d_rebased\scratched_ds4_nxy.bin
meshbin: out256_4d_rebased\scratched_4d_ds4_v16384.meshbin
resolution: 256 x 256
vertices: 16384
faces: 32768
coverage_ratio: 1
queries: 162
sigma=8: mean_TV=0.084067, mean_H=0.091334, mean_peak_err=0.0231722
sigma=16: mean_TV=0.0563465, mean_H=0.070823, mean_peak_err=0.0272643
sigma=32: mean_TV=0.0480744, mean_H=0.0640201, mean_peak_err=0.0208163
