nxy_bin: out256_normal_rebased\scratched_ds4_nxy.bin
meshbin: out256_normal_rebased\scratched_normal_ds4_v8192.meshbin
resolution: 256 x 256
vertices: 8192
faces: 16384
coverage_ratio: 1
queries: 162
sigma=8: mean_TV=0.152466, mean_H=0.177261, mean_peak_err=0.028521
sigma=16: mean_TV=0.111143, mean_H=0.147711, mean_peak_err=0.0236105
sigma=32: mean_TV=0.0905609, mean_H=0.133424, mean_peak_err=0.0277026
