nxy_bin: out256_normal_rebased\brush_ds4_nxy.bin
meshbin: out256_normal_rebased\brush_normal_ds4_v8192.meshbin
resolution: 256 x 256
vertices: 8192
faces: 16384
coverage_ratio: 1
queries: 162
sigma=8: mean_TV=0.0637927, mean_H=0.0697074, mean_peak_err=0.0110365
sigma=16: mean_TV=0.0349915, mean_H=0.0395063, mean_peak_err=0.00929658
sigma=32: mean_TV=0.0233888, mean_H=0.025421, mean_peak_err=0.00544804
