nxy_bin: out256_4d_rebased\isotropic_ds4_nxy.bin
meshbin: out256_4d_rebased\isotropic_4d_ds4_v4096.meshbin
resolution: 256 x 256
vertices: 4096
faces: 8192
coverage_ratio: 1
queries: 162
sigma=8: mean_TV=0.527058, mean_H=0.518378, mean_peak_err=0.0282737
sigma=16: mean_TV=0.506497, mean_H=0.490679, mean_peak_err=0.0257849
sigma=32: mean_TV=0.495782, mean_H=0.478457, mean_peak_err=0.0279593
